a80g0s70 : state=[2, 2, 1, 0, 1, 0] prices=[-0.2, -0.3, 7.0, 0.0]
a80g0s70 : state=[2, 2, 1, 0, 1, 0] prices=[-0.2, -0.3, 7.0, 0.0]
a80g0s70 : state=[2, 2, 1, 0, 1, 0] prices=[-0.2, -0.3, 7.0, 0.0]
a80g0s70 : state=[2, 2, 1, 0, 1, 0] prices=[-0.2, -0.3, 7.0, 0.0]
a80g0s70 : state=[2, 2, 1, 0, 1, 0] prices=[-0.2, -0.3, 7.0, 0.0]
a80g0s70 : state=[2, 2, 1, 0, 1, 0] prices=[-0.2, -0.3, 7.0, 0.0]
a80g0s70 : state=[2, 2, 1, 0, 1, 0] prices=[-0.2, -0.3, 7.0, 0.0]
a80g0s70 : state=[2, 2, 1, 0, 1, 0] prices=[-0.2, -0.3, 7.0, 0.0]
a80g0s70 : state=[2, 2, 1, 0, 1, 0] prices=[-0.2, -0.3, 7.0, 0.0]
a80g0s70 : state=[2, 2, 1, 0, 1, 0] prices=[-0.2, -0.3, 7.0, 0.0]
